53820
42221
47856
10458
27707
33549
45073
28847
58303
7991
8841
12532
6593
39155
37475
9844
49838
65091
35976
48573
65526
45979
3719
29530
31298
4436
62006
38417
44787
24767
4440
47932
17831
12272
21399
31966
34387
15047
7534
51328
64547
36327
3148
64481
5369
46476
46799
51993
6000
43702
24110
55604
8671
13578
27578
37626
27203
54174
63802
10622
39296
10925
61642
4562
41524
60464
61337
42659
46276
13817
41404
2616
7567
13622
54209
12644
44924
19874
48036
46247
29369
5689
46595
10823
19923
50805
53338
3317
17453
33279
22036
40103
16705
42376
18019
27924
41280
27348
9287
3295
14059
2975
13233
5207
16698
57192
40354
6355
64114
45001
34032
15494
23397
54684
9460
96
41389
20361
11830
26738
48160
23695
47766
39277
9919
45853
5464
43497
64549
60340
56200
10662
12169
25785
33088
46886
27774
51413
24586
7706
634
33216
7404
51748
24297
2876
26850
40780
53788
7517
2063
28273
61343
38515
18931
36455
39426
33780
613
38000
23218
33611
59357
36522
49378
20312
31298
31509
13456
53787
11704
23611
38142
41927
10734
17305
37453
60783
5935
55284
33083
7683
64194
19629
19393
30866
19081
56803
35439
62235
6194
50466
1702
8618
25965
12926
15821
33462
30755
16416
42812
45910
61022
37073
47761
9456
41293
30538
6181
28156
21579
10790
59947
19740
9076
53628
6260
50501
33966
46572
19356
13051
2240
46840
58409
64105
26639
34522
61402
5185
33418
13872
6303
45130
996
63636
26184
51314
14159
65161
11149
33417
6199
61265
25003
53611
58040
16562
10417
56586
52853
4422
53042
19244
27606
38533
12105
52632
30291
55256
62050
7602
12546
44670
21983
19866
23739
38106
55825
39928
3091
6453
12322
36365
32790
3661
11191
19299
31933
16771
12220
9269
17531
24949
54207
59203
31331
18975
32368
37299
20881
29754
41640
54302
43431
17905
48360
34553
29472
23061
16403
7927
5494
611
18170
27463
44209
47127
9758
54463
5748
25959
15190
10661
44976
25023
34966
63143
50928
13056
35296
65173
35561
7851
9453
36871
15565
59528
47394
1629
47466
51035
63746
31484
50693
15865
59553
38952
44552
44439
51228
12557
36799
51191
54014
3698
38946
37674
9892
40291
29446
10084
14381
31079
25943
18433
32399
18030
7594
11699
9519
56365
62287
26342
8061
19714
28897
24403
1042
588
64469
36450
63222
44869
47766
18390
15399
44704
33992
57730
65103
62965
24983
9647
28599
57745
33976
37503
50465
62182
47108
36283
4516
14455
64567
46995
49254
32706
60072
51429
8880
62568
64281
45178
12180
15450
28467
55435
25460
2771
59463
61784
31308
9251
58988
16524
11556
48818
59861
7702
57989
29349
8918
61475
28864
42275
31355
65384
18493
46851
59239
58588
4419
42174
4263
272
34073
9931
64831
28010
60145
29441
15042
38662
38780
14540
29324
17429
24282
20364
47981
7592
28165
20633
12286
4870
10026
16670
65465
34581
42360
52207
38266
22210
36334
58510
49324
28232
62589
4918
31222
64883
56655
61985
49314
63153
20931
26298
48550
37867
1400
63993
23614
13644
6769
628
39140
19328
425
31893
5653
48755
40929
55909
62846
42525
31530
28809
23355
23033
36138
41447
27479
8242
34329
31454
32349
52554
34278
2164
60540
49761
6481
39900
19986
8588
14642
5827
51236
7945
4062
54818
47755
51722
58604
24394
28469
57875
6082
25152
46550
38258
61075
17777
20552
50086
61172
21835
55620
25232
51295
63248
13390
24731
46310
15635
25028
10151
53867
54270
49212
13788
58368
6396
50229
63890
18707
59352
9076
48653
48077
17051
29174
26167
39632
51768
34246
31518
33238
19861
25931
42002
45373
45573
31552
34734
1120
41579
46159
52954
53775
51357
40754
9815
14225
39984
47251
42867
48688
53752
31501
42838
39588
15687
20633
5063
40503
3848
2315
59167
20543
9137
24532
59699
7419
55294
30153
39619
31243
16782
63703
25240
51709
52261
16190
39260
29982
715
36058
330
32469
40330
29365
21440
2530
62761
4810
32351
3061
28325
38585
46657
32629
48147
22392
57385
57948
28840
49434
49725
51148
5624
36783
48596
51480
61756
29815
18357
42743
64786
54331
14695
61098
20159
9203
18755
52568
31184
26409
16054
53161
23133
42757
48920
22975
37213
32977
9217
32064
34699
31369
40916
7584
55018
60008
57150
51042
59582
26489
20597
19173
35505
56108
41299
44994
24936
2822
56995
59403
56808
25721
52934
21503
42396
50911
45839
33947
59153
14407
64416
11910
38869
54265
48061
11540
3670
48344
50824
10007
21962
36117
26714
35561
15853
12213
11601
27899
52551
35282
13580
29230
61100
4391
15242
32330
635
52768
59983
56314
15686
12499
49606
4319
18737
9545
10952
29117
37082
31526
6822
51909
37592
47859
25135
23287
65497
5815
57566
55632
39778
10183
43708
62489
35926
30677
57280
32539
12116
29357
51359
29309
34132
53201
30223
41641
64917
64184
60805
16053
54956
42194
6418
16489
26570
55619
36912
64425
54660
28219
42036
25659
35926
3792
18078
50758
9107
51428
42925
63454
21845
47272
15174
13995
38798
13765
63220
17615
45080
41042
34915
4371
46474
23745
19980
33157
12539
45410
32359
25087
9773
31923
720
8971
20390
17719
40174
63049
51187
2303
24029
62834
6158
49047
53227
48427
27117
29736
25810
11931
42177
43611
21719
42857
64435
52804
38366
51260
63319
22921
34323
1049
628
11598
21227
28478
52242
9361
44254
12491
28509
52385
32999
16328
54791
27789
58493
45057
34758
28718
11749
22165
26970
64182
2934
24118
27605
57126
59162
63854
63847
48498
47624
35564
60559
14651
50693
47579
63717
36267
14132
12420
52866
32934
8750
32371
39505
29015
28686
25286
19065
62100
17230
53340
42818
50002
1824
20840
39421
44723
26083
9167
9575
50180
44049
59651
41337
48630
57955
5070
51269
22897
3566
12854
22090
49101
19872
45646
16149
12451
58554
3042
21288
25704
63254
8061
17984
1427
49434
49874
10637
25027
16424
37890
1108
37375
35665
22067
25378
49298
58769
60225
41612
34520
56548
60835
53836
13641
31359
33804
16684
65323
43654
8902
50530
47316
813
65363
24658
3770
1590
17831
60461
48068
53995
64947
38404
27043
7082
45144
17320
7683
36836
32242
62100
42441
60265
37773
10300
35911
34076
59351
50347
16864
45892
25383
49884
999
14701
8155
34435
29011
25842
12019
25017
1221
39037
14769
40498
42844
1557
